37.5 0.0000002557
62.5 0.0000002196
87.5 0.0000001903
112.5 0.0000001673
137.5 0.0000001455
162.5 0.0000001260
187.5 0.0000001094
212.5 0.00000009398
237.5 0.00000007992
262.5 0.00000006778
287.5 0.00000005663
312.5 0.00000004774
337.5 0.00000004001
362.5 0.00000003306
387.5 0.00000002791
412.5 0.00000002239
437.5 0.00000001887
462.5 0.00000001565
487.5 0.00000001256
512.5 0.00000001042
537.5 0.000000008552
562.5 0.000000007003
587.5 0.000000005682
612.5 0.000000004718
637.5 0.000000003769
662.5 0.000000003079
687.5 0.000000002420
712.5 0.000000001954
737.5 0.000000001570
762.5 0.000000001280
787.5 0.000000001011
812.5 0.0000000007937
837.5 0.0000000006530
862.5 0.0000000005214
